image_width: 640
image_height: 480
camera_name: camera 
camera_matrix:
  rows: 3
  cols: 3
  data: [742.624353, 0.000000, 323.700146, 0.000000, 739.965571, 224.392566, 0.000000, 0.000000, 1.000000]
distortion_model: plumb_bob
distortion_coefficients:
  rows: 1
  cols: 5
  data: [0.015792, -0.153598, -0.006348, 0.001731, 0.000000]
rectification_matrix:
  rows: 3
  cols: 3
  data: [1.000000, 0.000000, 0.000000, 0.000000, 1.000000, 0.000000, 0.000000, 0.000000, 1.000000]
projection_matrix:
  rows: 3
  cols: 4
  data: [740.311768, 0.000000, 324.016592, 0.000000, 0.000000, 737.966858, 222.290751, 0.000000, 0.000000, 0.000000, 1.000000, 0.000000]
